20
0 5 4 5 4 5 4 5 0 5 4 5 4 5 4 5 4 0 5 1  
2 0 1 2 9 9 9 0 9 9 9 9 1 1 1 1 0 1 1 1 
9 1 0 1 9 1 0 9 6 5 4 3 2 1 9 0 4 0 5 1  
2 3 1 0 9 9 9 0 9 9 9 9 1 1 1 1 0 1 1 1 
9 1 9 1 0 1 0 9 6 5 4 3 2 1 9 0 0 5 4 5 
5 4 5 4 5 0 0 5 1 2 3 4 5 9 8 0 1 0 5 4 
5 4 5 4 5 4 0 5 1 2 3 4 5 9 8 0 1 5 4 5  
2 3 1 2 9 9 9 0 9 9 9 9 1 1 1 1 0 1 1 1 
9 1 9 1 9 1 0 9 0 5 4 3 2 1 9 0 4 0 5 1  
2 3 1 2 9 9 9 0 9 0 9 9 1 1 1 1 0 1 1 1 
9 1 9 1 9 1 0 9 6 5 0 3 2 1 9 0 0 5 4 5 
5 4 5 4 5 4 0 5 1 2 3 0 5 9 8 0 1 0 5 4   
2 3 1 2 9 9 9 0 9 9 9 9 0 1 1 1 0 1 1 1
9 1 9 1 9 1 0 9 6 5 4 3 2 0 9 0 4 0 5 1 
2 3 1 2 9 9 9 0 9 9 9 9 1 1 0 1 0 1 1 1
9 1 9 1 9 1 0 9 6 5 4 3 2 1 9 0 0 5 4 5 
5 4 5 4 5 4 0 5 1 2 3 4 5 9 8 0 0 1 1 1 
0 5 4 5 4 5 4 5 0 5 4 5 4 5 4 5 4 0 5 1  
2 3 1 2 9 9 9 0 9 9 9 9 1 1 1 1 0 1 0 1 
9 1 9 1 9 1 0 9 6 5 4 3 2 1 9 0 4 0 5 0